391
1598
0
398
0
0
376
812
0
370
0
362
771
398
0
421
0
0
0
0
0
745
1159
380
0
789
1218
0
390
377
821
402
429
0
737
388
0
395
379
1982
1199
413
0
420
760
0
0
0
0
1115
764
384
765
374
412
383
385
799
0
390
777
366
0
0
386
392
0
0
1608
803
382
0
0
786
793
0
0
1185
0
388
1166
0
404
401
381
0
416
1130
398
767
0
398
423
766
0
824
735
0
781
0
0
0
0
0
1188
0
379
0
357
820
742
1172
798
407
398
0
389
398
767
1174
808
386
0
0
0
0
772
0
806
389
0
807
738
757
358
387
0
0
0
796
773
0
0
830
0
1527
363
374
0
1119
373
800
414
0
0
790
795
0
0
0
364
0
753
348
0
768
0
394
815
367
395
403
364
393
0
794
387
328
1170
400
0
757
815
0
0
748
0
727
809
0
408
0
408
0
809
778
420
0
0
371
0
368
0
0
387
0
373
782
402
0
397
1189
358
0
398
0
1126
375
792
0
0
1244
0
372
377
0
421
0
813
408
0
408
815
369
0
0
0
413
366
782
777
413
411
0
0
384
0
0
367
382
418
406
1156
0
0
0
